YYYY MM DD HH MN    UNIXtime   VAPID VAPMLT RMlat  GID  GMLT  GMlat   E/P   gr/sh
2012 11 14 03 46   1352853960.0   B   5.07   -8.60   #G   NaN   NaN    NaN    NaN
2013 02 17 12 19   1361092740.0   a   1.20   -6.3   #G   NaN   NaN   Elec    NaN
2013 02 28 23 11   1362082260.0   B   0.37   -5.46   #G   NaN   NaN    NaN    NaN
2013 03 01 07 56   1362113760.0   B   0.38   2.91   #G   NaN   NaN    NaN    NaN
2013 03 01 08 21   1362115260.0   B   0.70   3.46   #G   NaN   NaN    NaN    NaN
2013 03 02 04 02   1362186120.0   A  23.10   3.1   13 22.80   9.4    NaN   gradD
2013 03 17 14 24   1363519440.0   B   1.33   -3.80   #G   NaN   NaN    NaN    NaN
2013 03 17 15 36   1363523760.0   B   2.29   -1.83   #G   NaN   NaN    NaN    NaN
2013 03 17 22 04   1363547040.0   b   0.40   -4.3   #G   NaN   NaN   Both    NaN
2013 03 17 22 15   1363547700.0   b   0.50   -3.8   #G   NaN   NaN   Hion    NaN
2013 03 17 22 16   1363547760.0   A  23.69   -3.65   #G   NaN   NaN    NaN    NaN
2013 03 17 22 17   1363547820.0   b   0.50   -3.7   #G   NaN   NaN   Both    NaN
2013 03 20 23 24   1363811040.0   A   0.56   -0.01   #G   NaN   NaN    NaN    NaN
2013 03 20 23 25   1363811100.0   B   1.07   -0.11   #G   NaN   NaN    NaN    NaN
2013 03 21 06 31   1363836660.0   B  23.72   7.04   #G   NaN   NaN    NaN    NaN
2013 03 23 22 53   1364068380.0   A   0.25   -0.59   #G   NaN   NaN    NaN    NaN
2013 03 29 15 51   1364561460.0   B   1.34   -3.76   #G   NaN   NaN    NaN    NaN
2013 03 29 15 53   1364561580.0   A   1.71   -2.18   #G   NaN   NaN    NaN    NaN
2013 04 04 03 48   1365036480.0   B  22.70   8.7   13 22.80   9.4    NaN   gradD
2013 04 16 21 01   1366135260.0   A  23.25   0.54   #G   NaN   NaN    NaN    NaN
2013 04 24 11 07   1366790820.0   B  21.67   -4.51   #G   NaN   NaN    NaN    NaN
2013 04 24 13 57   1366801020.0   B  23.77   -1.16   #G   NaN   NaN    NaN    NaN
2013 04 24 19 30   1366821000.0   b  21.20   -1.6   #G   NaN   NaN   Elec    NaN
2013 04 24 19 40   1366821600.0   A   0.48   -0.57   #G   NaN   NaN    NaN    NaN
2013 04 26 23 15   1367007300.0   a  22.80   8.5   #G   NaN   NaN   Both    NaN
2013 05 01 10 10   1367392200.0   A  21.62   -0.74   #G   NaN   NaN    NaN    NaN
2013 05 01 10 27   1367393220.0   B   1.20   14.0   15  1.30   4.5    NaN   gradD
2013 05 01 11 19   1367396340.0   a  22.50   0.9   #G   NaN   NaN   Both    NaN
2013 05 01 11 20   1367396400.0   A  22.50   0.89   #G   NaN   NaN    NaN    NaN
2013 05 01 13 34   1367404440.0   A   0.09   2.16   #G   NaN   NaN    NaN    NaN
2013 05 01 13 54   1367405640.0   A   0.38   2.43   #G   NaN   NaN    NaN    NaN
2013 05 01 18 58   1367423880.0   B   1.04   -0.44   #G   NaN   NaN    NaN    NaN
2013 05 01 19 30   1367425800.0   A  22.26   0.37   #G   NaN   NaN    NaN    NaN
2013 05 01 20 12   1367428320.0   A  22.84   1.99   #G   NaN   NaN    NaN    NaN
2013 05 07 08 32   1367904720.0   B  23.00   11.0   15 23.40   4.5    NaN   sharp
2013 05 14 11 39   1368520740.0   b  22.40   2.3   #G   NaN   NaN   Both    NaN
2013 05 14 12 12   1368522720.0   B  22.80   2.27   #G   NaN   NaN    NaN    NaN
2013 05 16 20 50   1368726600.0   a  23.40   5.7   #G   NaN   NaN   Hion    NaN
2013 05 16 21 13   1368727980.0   A  23.74   6.31   #G   NaN   NaN    NaN    NaN
2013 05 17 21 26   1368815160.0   b  23.30   7.5   #G   NaN   NaN   Elec    NaN
2013 05 18 05 26   1368843960.0   A  20.25   7.65   #G   NaN   NaN    NaN    NaN
2013 05 19 07 45   1368938700.0   b  21.40   8.0   #G   NaN   NaN   Both    NaN
2013 05 24 13 43   1369392180.0   B  20.86   -3.54   #G   NaN   NaN    NaN    NaN
2013 05 25 11 31   1369470660.0   a  22.60   4.8   #G   NaN   NaN   Hion    NaN
2013 05 25 19 51   1369500660.0   a  22.80   5.2   #G   NaN   NaN   Hion    NaN
2013 05 25 19 52   1369500720.0   b  23.60   4.0   #G   NaN   NaN   Both    NaN
2013 05 25 19 55   1369500900.0   B  23.60   4.08   #G   NaN   NaN    NaN    NaN
2013 06 06 08 22   1370496120.0   A  20.43   5.67   #G   NaN   NaN    NaN    NaN
2013 06 22 06 31   1371871860.0   B  21.70   15.1   15 21.40   4.6    NaN   sharp
2013 06 23 05 25   1371954300.0   A  20.70   15.0   15 20.40   4.7    NaN   sharp
2013 06 23 17 44   1371998640.0   b  21.40   4.0   #G   NaN   NaN   Both    NaN
2013 06 28 18 32   1372433520.0   a  19.50   9.8   #G   NaN   NaN   Both    NaN
2013 06 29 06 37   1372477020.0   A  21.50   14.1   15 21.50   4.6    NaN   sharp
2013 06 29 09 16   1372486560.0   b  20.80   6.3   #G   NaN   NaN   Both    NaN
2013 06 29 10 47   1372492020.0   b  21.90   4.8   #G   NaN   NaN   Both    NaN
2013 06 29 11 02   1372492920.0   B  22.12   4.54   #G   NaN   NaN    NaN    NaN
2013 07 10 12 37   1373449020.0   A  21.46   -0.12   #G   NaN   NaN    NaN    NaN
2013 07 10 12 48   1373449680.0   a  21.60   -0.4   #G   NaN   NaN   Elec    NaN
2013 07 11 13 06   1373537160.0   A  19.67   -0.04   #G   NaN   NaN    NaN    NaN
2013 07 14 11 20   1373790000.0   b  20.90   1.2   #G   NaN   NaN   Both    NaN
2013 07 14 11 21   1373790060.0   B  20.93   1.17   #G   NaN   NaN    NaN    NaN
2013 07 14 11 42   1373791320.0   B  21.21   0.68   #G   NaN   NaN    NaN    NaN
2013 07 14 16 50   1373809800.0   b  18.50   8.0   #G   NaN   NaN   Both    NaN
2013 07 15 09 20   1373869200.0   a  21.30   5.5   #G   NaN   NaN   Elec    NaN
2013 07 15 09 46   1373870760.0   A  21.64   4.80   #G   NaN   NaN    NaN    NaN
2013 07 19 11 51   1374223860.0   A  20.92   -0.38   #G   NaN   NaN    NaN    NaN
2013 07 19 18 06   1374246360.0   A  19.41   9.49   #G   NaN   NaN    NaN    NaN
2013 07 20 01 48   1374274080.0   B  20.60   18.6   13 20.90   9.7    NaN   sharp
2013 07 26 13 26   1374834360.0   A  20.00   -1.47   #G   NaN   NaN    NaN    NaN
2013 07 26 13 47   1374835620.0   A  20.25   -1.79   #G   NaN   NaN    NaN    NaN
2013 08 05 06 02   1375671720.0   b  19.60   9.2   #G   NaN   NaN   Elec    NaN
2013 08 15 00 46   1376516760.0   A  20.00   15.3   13 19.80   9.8    NaN   sharp
2013 08 22 06 30   1377142200.0   B  21.00   4.8   15 21.40   4.7    NaN   gradD
2013 08 22 06 45   1377143100.0   B  21.30   4.1   15 21.60   4.8    NaN   gradD
2013 08 27 18 19   1377616740.0   a  19.70   3.0   #G   NaN   NaN   Elec    NaN
2013 08 27 18 20   1377616800.0   A  19.75   3.02   #G   NaN   NaN    NaN    NaN
2013 09 19 05 14   1379556840.0   A  19.10   1.08   #G   NaN   NaN    NaN    NaN
2013 10 02 04 59   1380679140.0   B  18.39   -1.12   #G   NaN   NaN    NaN    NaN
2013 10 02 22 57   1380743820.0   B  18.24   8.64   #G   NaN   NaN    NaN    NaN
2014 09 12 01 11   1410473460.0   B   4.04   5.61   #G   NaN   NaN    NaN    NaN
2014 10 14 17 41   1413297660.0   A   4.47   -2.98   #G   NaN   NaN    NaN    NaN
2014 10 15 01 52   1413327120.0   A   3.87   2.50   #G   NaN   NaN    NaN    NaN
2014 11 04 14 30   1415100600.0   A   2.46   -0.40   #G   NaN   NaN    NaN    NaN
2014 11 22 21 38   1416681480.0   B   1.44   -4.95   #G   NaN   NaN    NaN    NaN
2014 12 01 21 40   1417459200.0   b   0.60   -3.3   #G   NaN   NaN   Elec    NaN
2014 12 01 21 44   1417459440.0   b   0.60   -3.5   #G   NaN   NaN   Elec    NaN
2014 12 03 01 53   1417560780.0   b   1.40   2.5   #G   NaN   NaN   Both    NaN
2014 12 03 02 30   1417563000.0   A   2.29   -0.90   #G   NaN   NaN    NaN    NaN
2014 12 04 23 05   1417723500.0   a   1.90   -8.3   #G   NaN   NaN   Elec    NaN
2014 12 12 08 18   1418361480.0   A   0.38   5.28   #G   NaN   NaN    NaN    NaN
2014 12 12 12 36   1418376960.0   A   3.70   -4.0   15  3.90   4.3    NaN   gradD
2014 12 22 02 09   1419203340.0   A  23.89   4.12   #G   NaN   NaN    NaN    NaN
2014 12 22 06 30   1419219000.0   B   1.07   4.88   #G   NaN   NaN    NaN    NaN
2014 12 23 11 16   1419322560.0   B   2.40   -3.2   15  2.50   4.3    NaN   sharp
2014 12 24 02 22   1419376920.0   b  23.70   5.3   #G   NaN   NaN   Both    NaN
2014 12 24 02 24   1419377040.0   B  23.75   5.21   #G   NaN   NaN    NaN    NaN
2014 12 26 09 04   1419573840.0   B   0.52   0.90   #G   NaN   NaN    NaN    NaN
2014 12 29 21 53   1419879180.0   A  22.74   -2.49   #G   NaN   NaN    NaN    NaN
2015 01 03 01 32   1420237920.0   A  23.41   1.76   #G   NaN   NaN    NaN    NaN
2015 01 04 16 50   1420379400.0   B  21.99   -9.37   #G   NaN   NaN    NaN    NaN
2015 01 04 22 36   1420400160.0   a  23.40   -5.8   #G   NaN   NaN   Hion    NaN
2015 01 05 05 42   1420425720.0   B   1.20   1.9   13  0.70   9.8    NaN   gradD
2015 01 07 08 48   1420609680.0   b  23.10   -1.1   #G   NaN   NaN   Both    NaN
2015 01 07 08 51   1420609860.0   B  23.11   -1.20   #G   NaN   NaN    NaN    NaN
2015 01 30 09 54   1422600840.0   b  24.00   -6.7   #G   NaN   NaN   Elec    NaN
2015 02 01 23 37   1422823020.0   b  22.30   -3.2   #G   NaN   NaN   Both    NaN
2015 02 01 23 48   1422823680.0   B  22.42   -3.31   #G   NaN   NaN    NaN    NaN
2015 02 03 03 41   1422924060.0   B  23.09   0.78   #G   NaN   NaN    NaN    NaN
2015 02 18 03 19   1424218740.0   B  21.50   0.89   #G   NaN   NaN    NaN    NaN
2015 02 18 03 21   1424218860.0   a  23.00   0.0   #G   NaN   NaN   Hion    NaN
2015 02 18 03 22   1424218920.0   A  23.05   0.03   #G   NaN   NaN    NaN    NaN
2015 02 18 05 44   1424227440.0   b  23.40   -0.3   #G   NaN   NaN   Hion    NaN
2015 02 19 06 58   1424318280.0   B  22.10   -4.0   15 21.80   4.4    NaN   sharp
2015 02 19 06 59   1424318340.0   B  22.16   -3.99   #G   NaN   NaN    NaN    NaN
2015 02 21 02 35   1424475300.0   a  22.50   -0.2   #G   NaN   NaN   Both    NaN
2015 02 21 02 37   1424475420.0   A  22.53   -0.15   #G   NaN   NaN    NaN    NaN
2015 02 23 00 52   1424641920.0   b  21.40   -0.4   #G   NaN   NaN   Both    NaN
2015 02 23 08 09   1424668140.0   a  22.50   -6.2   #G   NaN   NaN   Hion    NaN
2015 02 23 09 39   1424673540.0   a  23.60   -6.9   #G   NaN   NaN   Hion    NaN
2015 02 24 02 08   1424732880.0   A  22.22   -0.29   #G   NaN   NaN    NaN    NaN
2015 02 24 03 19   1424737140.0   a  23.10   0.2   #G   NaN   NaN   Elec    NaN
2015 02 24 03 31   1424737860.0   B  21.14   0.32   #G   NaN   NaN    NaN    NaN
2015 02 24 06 26   1424748360.0   B  23.41   -0.88   #G   NaN   NaN    NaN    NaN
2015 02 28 06 10   1425093000.0   A  23.20   -0.57   #G   NaN   NaN    NaN    NaN
2015 03 01 01 24   1425162240.0   b  21.30   -0.0   #G   NaN   NaN   Hion    NaN
2015 03 01 01 26   1425162360.0   B  21.37   -0.02   #G   NaN   NaN    NaN    NaN
2015 03 01 01 27   1425162420.0   b  21.40   -0.0   #G   NaN   NaN   Both    NaN
2015 03 01 01 37   1425163020.0   b  21.50   -0.0   #G   NaN   NaN   Elec    NaN
2015 03 01 09 51   1425192660.0   a  23.80   -6.1   #G   NaN   NaN   Hion    NaN
2015 03 02 06 32   1425267120.0   b  23.00   -1.6   #G   NaN   NaN   Both    NaN
2015 03 02 07 13   1425269580.0   B  23.50   -1.49   #G   NaN   NaN    NaN    NaN
2015 03 03 22 37   1425411420.0   a  21.90   -5.9   #G   NaN   NaN   Elec    NaN
2015 03 03 22 38   1425411480.0   A  21.93   -5.86   #G   NaN   NaN    NaN    NaN
2015 03 04 05 56   1425437760.0   A  20.80   -4.8   15 20.70   4.4    NaN   gradD
2015 03 06 05 29   1425608940.0   a  22.70   -0.1   #G   NaN   NaN   Both    NaN
2015 03 07 06 33   1425699180.0   A  21.50   -5.0   15 21.40   4.4    NaN   sharp
2015 03 07 06 42   1425699720.0   a  21.60   -5.1   #G   NaN   NaN   Elec    NaN
2015 03 07 06 45   1425699900.0   A  21.62   -5.08   #G   NaN   NaN    NaN    NaN
2015 03 07 07 45   1425703500.0   a  22.40   -5.4   #G   NaN   NaN   Both    NaN
2015 03 09 01 35   1425854100.0   B  22.99   -0.75   #G   NaN   NaN    NaN    NaN
2015 03 11 05 41   1426041660.0   B  21.61   -2.76   #G   NaN   NaN    NaN    NaN
2015 03 15 05 00   1426384800.0   A  22.51   0.73   #G   NaN   NaN    NaN    NaN
2015 03 16 04 28   1426469280.0   b  22.40   0.8   #G   NaN   NaN   Elec    NaN
2015 03 16 04 35   1426469700.0   b  22.50   0.8   #G   NaN   NaN   Elec    NaN
2015 03 16 06 29   1426476540.0   A  21.50   -4.4   15 21.30   4.4    NaN   sharp
2015 03 16 06 31   1426476660.0   A  21.56   -4.38   #G   NaN   NaN    NaN    NaN
2015 03 16 06 37   1426477020.0   a  21.60   -4.4   #G   NaN   NaN   Elec    NaN
2015 03 17 08 51   1426571460.0   B  23.50   -3.1   15 23.70   4.4    NaN   sharp
2015 03 17 09 17   1426573020.0   B  23.92   -2.27   #G   NaN   NaN    NaN    NaN
2015 03 17 23 08   1426622880.0   b  20.50   -1.8   #G   NaN   NaN   Elec    NaN
2015 03 18 00 13   1426626780.0   B  21.30   -0.98   #G   NaN   NaN    NaN    NaN
2015 03 18 02 12   1426633920.0   B  22.71   1.09   #G   NaN   NaN    NaN    NaN
2015 03 18 02 13   1426633980.0   A  20.40   -0.10   #G   NaN   NaN    NaN    NaN
2015 03 19 02 06   1426719960.0   B  20.36   -0.03   #G   NaN   NaN    NaN    NaN
2015 03 19 02 37   1426721820.0   B  20.79   0.00   #G   NaN   NaN    NaN    NaN
2015 03 19 07 07   1426738020.0   a  22.00   -4.0   #G   NaN   NaN   Both    NaN
2015 03 19 07 08   1426738080.0   A  22.04   -4.01   #G   NaN   NaN    NaN    NaN
2015 03 20 01 23   1426803780.0   A  22.07   0.62   #G   NaN   NaN    NaN    NaN
2015 03 20 01 41   1426804860.0   a  22.30   1.0   #G   NaN   NaN   Both    NaN
2015 03 20 06 20   1426821600.0   B  21.35   -4.52   #G   NaN   NaN    NaN    NaN
2015 03 20 06 28   1426822080.0   b  21.40   -4.5   #G   NaN   NaN   Elec    NaN
2015 03 21 00 24   1426886640.0   b  21.20   -0.5   #G   NaN   NaN   Both    NaN
2015 03 21 00 26   1426886760.0   B  21.22   -0.50   #G   NaN   NaN    NaN    NaN
2015 03 22 06 41   1426995660.0   A  21.75   -3.67   #G   NaN   NaN    NaN    NaN
2015 03 29 01 58   1427583480.0   a  22.70   3.0   #G   NaN   NaN   Elec    NaN
2015 03 29 01 59   1427583540.0   A  22.68   3.02   #G   NaN   NaN    NaN    NaN
2015 03 29 02 03   1427583780.0   a  22.70   3.2   #G   NaN   NaN   Elec    NaN
2015 03 29 02 26   1427585160.0   A  23.06   3.89   #G   NaN   NaN    NaN    NaN
2015 04 03 23 21   1428092460.0   A  20.93   -0.47   #G   NaN   NaN    NaN    NaN
2015 04 04 00 29   1428096540.0   A  21.71   1.56   #G   NaN   NaN    NaN    NaN
2015 04 09 05 17   1428545820.0   a  21.00   -1.3   #G   NaN   NaN   Both    NaN
2015 04 09 05 18   1428545880.0   A  20.98   -1.28   #G   NaN   NaN    NaN    NaN
2015 04 09 05 37   1428547020.0   A  21.19   -1.08   #G   NaN   NaN    NaN    NaN
2015 04 10 00 18   1428614280.0   A  21.70   2.38   #G   NaN   NaN    NaN    NaN
2015 04 14 21 54   1429037640.0   b  21.70   -2.1   #G   NaN   NaN   Elec    NaN
2015 04 14 21 56   1429037760.0   b  21.70   -2.0   #G   NaN   NaN   Elec    NaN
2015 04 16 00 25   1429133100.0   B  21.25   2.72   #G   NaN   NaN    NaN    NaN
2015 04 16 00 35   1429133700.0   b  21.40   3.0   #G   NaN   NaN   Both    NaN
2015 04 16 00 39   1429133940.0   a  22.10   4.4   #G   NaN   NaN   Elec    NaN
2015 04 16 00 41   1429134060.0   b  21.40   3.2   #G   NaN   NaN   Elec    NaN
2015 04 16 01 01   1429135260.0   A  22.33   5.16   #G   NaN   NaN    NaN    NaN
2015 04 16 01 06   1429135560.0   B  21.73   3.92   #G   NaN   NaN    NaN    NaN
2015 04 16 07 52   1429159920.0   a  20.80   -7.2   #G   NaN   NaN   Hion    NaN
2015 04 16 08 07   1429160820.0   a  20.90   -7.0   #G   NaN   NaN   Hion    NaN
2015 04 16 20 35   1429205700.0   B  23.00   -5.14   #G   NaN   NaN    NaN    NaN
2015 04 17 02 48   1429228080.0   A  21.40   4.6   13 21.90   9.4    NaN   sharp
2015 04 17 03 14   1429229640.0   b  21.00   2.6   #G   NaN   NaN   Both    NaN
2015 04 17 03 15   1429229700.0   B  21.00   2.62   #G   NaN   NaN    NaN    NaN
2015 04 20 02 25   1429485900.0   a  21.20   4.7   #G   NaN   NaN   Elec    NaN
2015 04 21 04 47   1429580820.0   A  20.75   0.82   #G   NaN   NaN    NaN    NaN
2015 04 21 04 53   1429581180.0   B  19.68   -4.20   #G   NaN   NaN    NaN    NaN
2015 04 21 04 56   1429581360.0   b  19.70   -4.2   #G   NaN   NaN   Elec    NaN
2015 04 21 05 02   1429581720.0   A  20.91   1.04   #G   NaN   NaN    NaN    NaN
2015 04 21 05 53   1429584780.0   b  20.40   -3.6   #G   NaN   NaN   Elec    NaN
2015 04 23 04 05   1429751100.0   B  21.04   2.89   #G   NaN   NaN    NaN    NaN
2015 05 06 09 32   1430893920.0   B  21.52   -3.34   #G   NaN   NaN    NaN    NaN
2015 05 13 01 15   1431468900.0   b  19.50   4.5   #G   NaN   NaN   Elec    NaN
2015 05 13 08 01   1431493260.0   A  20.97   -0.09   #G   NaN   NaN    NaN    NaN
2015 05 13 08 17   1431494220.0   A  21.16   0.31   #G   NaN   NaN    NaN    NaN
2015 05 13 09 28   1431498480.0   A  22.28   3.36   #G   NaN   NaN    NaN    NaN
2015 05 13 13 12   1431511920.0   B  21.32   -8.77   #G   NaN   NaN    NaN    NaN
2015 05 13 13 50   1431514200.0   B  22.02   -6.97   #G   NaN   NaN    NaN    NaN
2015 05 13 20 46   1431539160.0   b  20.50   1.7   #G   NaN   NaN   Both    NaN
2015 05 18 23 24   1431980640.0   a  21.80   9.6   #G   NaN   NaN   Elec    NaN
2015 06 08 01 40   1433716800.0   a  19.00   9.4   #G   NaN   NaN   Elec    NaN
2015 06 09 04 59   1433815140.0   A  19.05   4.10   #G   NaN   NaN    NaN    NaN
2015 06 10 08 23   1433913780.0   A  19.19   -2.49   #G   NaN   NaN    NaN    NaN
2015 06 10 08 27   1433914020.0   B  19.48   -2.00   #G   NaN   NaN    NaN    NaN
2015 06 11 03 48   1433983680.0   B  20.80   13.7   14 20.90   8.4    NaN   gradD
2015 06 22 18 33   1434987180.0   B  19.48   5.69   #G   NaN   NaN    NaN    NaN
2015 06 22 18 34   1434987240.0   A  20.72   5.57   #G   NaN   NaN    NaN    NaN
2015 06 24 07 27   1435120020.0   b  19.70   4.5   #G   NaN   NaN   Both    NaN
2015 06 24 07 31   1435120260.0   B  19.75   4.64   #G   NaN   NaN    NaN    NaN
2015 10 07 18 51   1444233060.0   A  18.58   5.09   #G   NaN   NaN    NaN    NaN
2016 05 08 08 38   1462685880.0   B   5.21   -1.04   #G   NaN   NaN    NaN    NaN
2016 07 08 11 57   1467968220.0   B   3.32   3.11   #G   NaN   NaN    NaN    NaN
2016 07 08 12 00   1467968400.0   A   3.55   5.41   #G   NaN   NaN    NaN    NaN
2016 07 20 03 21   1468974060.0   A   4.79   3.38   #G   NaN   NaN    NaN    NaN
2016 07 20 04 31   1468978260.0   B   3.13   4.48   #G   NaN   NaN    NaN    NaN
2016 08 02 22 17   1470165420.0   A   4.19   -3.38   #G   NaN   NaN    NaN    NaN
2016 08 03 12 35   1470216900.0   B   2.38   3.62   #G   NaN   NaN    NaN    NaN
2016 08 23 18 52   1471967520.0   A   2.86   -2.23   #G   NaN   NaN    NaN    NaN
2016 08 23 19 38   1471970280.0   A   3.42   -1.40   #G   NaN   NaN    NaN    NaN
2016 08 23 19 51   1471971060.0   B   0.73   -6.93   #G   NaN   NaN    NaN    NaN
2016 08 23 21 27   1471976820.0   B   2.08   -3.15   #G   NaN   NaN    NaN    NaN
2016 08 23 21 57   1471978620.0   B   2.43   -2.08   #G   NaN   NaN    NaN    NaN
2016 08 24 01 51   1471992660.0   A   1.33   7.62   #G   NaN   NaN    NaN    NaN
2016 09 03 08 48   1472881680.0   B  23.60   4.8   15 23.70   4.8    NaN   gradD
2016 09 25 23 08   1474834080.0   a   1.50   6.8   #G   NaN   NaN   Both    NaN
2016 09 25 23 09   1474834140.0   A   1.55   6.85   #G   NaN   NaN    NaN    NaN
2016 09 26 06 55   1474862100.0   A   0.50   16.8   14  0.10   8.5    NaN   sharp
2016 09 26 18 19   1474903140.0   a   2.40   0.7   #G   NaN   NaN   Hion    NaN
2016 09 26 20 31   1474911060.0   b   1.20   1.3   #G   NaN   NaN   Both    NaN
2016 09 26 23 57   1474923420.0   A  23.70   10.96   #G   NaN   NaN    NaN    NaN
2016 09 27 09 21   1474957260.0   A   0.10   11.2   15  0.50   4.7    NaN   sharp
2016 09 28 17 50   1475074200.0   B   1.14   -0.70   #G   NaN   NaN    NaN    NaN
2016 09 29 10 00   1475132400.0   B  23.54   6.61   #G   NaN   NaN    NaN    NaN
2016 09 29 12 16   1475140560.0   b   1.20   8.5   #G   NaN   NaN   Both    NaN
2016 09 29 12 29   1475141340.0   b   1.40   8.4   #G   NaN   NaN   Both    NaN
2016 09 29 14 58   1475150280.0   A  23.95   -0.58   #G   NaN   NaN    NaN    NaN
2016 09 30 03 33   1475195580.0   B  22.90   14.3   13 22.70   9.7    NaN   gradD
2016 10 02 20 08   1475428080.0   B   0.11   1.81   #G   NaN   NaN    NaN    NaN
2016 10 10 17 47   1476110820.0   B  23.44   -0.62   #G   NaN   NaN    NaN    NaN
2016 10 13 12 29   1476350940.0   A   1.35   8.80   #G   NaN   NaN    NaN    NaN
2016 10 13 12 49   1476352140.0   B   2.05   9.69   #G   NaN   NaN    NaN    NaN
2016 10 13 18 52   1476373920.0   b  23.90   1.2   #G   NaN   NaN   Hion    NaN
2016 10 13 18 57   1476374220.0   A  23.36   2.19   #G   NaN   NaN    NaN    NaN
2016 10 13 19 17   1476375420.0   B   0.22   1.69   #G   NaN   NaN    NaN    NaN
2016 10 15 17 00   1476540000.0   b   0.50   0.2   #G   NaN   NaN   Both    NaN
2016 10 15 17 01   1476540060.0   a   0.50   0.5   #G   NaN   NaN   Both    NaN
2016 10 24 16 01   1477314060.0   a   0.30   0.8   #G   NaN   NaN   Elec    NaN
2016 10 24 16 14   1477314840.0   a   0.50   0.7   #G   NaN   NaN   Both    NaN
2016 10 25 10 09   1477379340.0   B  22.34   4.71   #G   NaN   NaN    NaN    NaN
2016 10 25 10 10   1477379400.0   b  22.40   4.7   #G   NaN   NaN   Elec    NaN
2016 10 25 10 28   1477380480.0   B  22.68   5.28   #G   NaN   NaN    NaN    NaN
2016 10 25 13 42   1477392120.0   B   1.11   5.10   #G   NaN   NaN    NaN    NaN
2016 10 25 16 57   1477403820.0   A  22.42   0.87   #G   NaN   NaN    NaN    NaN
2016 10 25 17 23   1477405380.0   a  23.00   1.2   #G   NaN   NaN   Elec    NaN
2016 10 25 18 32   1477409520.0   A   0.01   1.71   #G   NaN   NaN    NaN    NaN
2016 10 25 20 50   1477417800.0   b  23.70   6.1   #G   NaN   NaN   Both    NaN
2016 10 25 20 52   1477417920.0   B  23.74   6.17   #G   NaN   NaN    NaN    NaN
2016 10 25 22 29   1477423740.0   b   0.90   7.5   #G   NaN   NaN   Both    NaN
2016 10 25 22 32   1477423920.0   B   0.89   7.49   #G   NaN   NaN    NaN    NaN
2016 10 26 05 58   1477450680.0   B  23.80   18.3   14 23.30   8.5    NaN   sharp
2016 10 26 15 47   1477486020.0   B   0.32   0.90   #G   NaN   NaN    NaN    NaN
2016 10 26 16 12   1477487520.0   B   0.59   0.82   #G   NaN   NaN    NaN    NaN
2016 10 26 16 38   1477489080.0   b   0.90   0.7   #G   NaN   NaN   Hion    NaN
2016 10 26 16 39   1477489140.0   B   0.90   0.68   #G   NaN   NaN    NaN    NaN
2016 10 26 20 35   1477503300.0   A  23.27   6.72   #G   NaN   NaN    NaN    NaN
2016 10 27 17 34   1477578840.0   B  23.27   1.04   #G   NaN   NaN    NaN    NaN
2016 10 29 05 08   1477706880.0   B  22.60   17.3   14 22.40   8.5    NaN   sharp
2016 11 10 19 35   1478795700.0   a  23.50   3.7   #G   NaN   NaN   Both    NaN
2016 11 10 19 39   1478795940.0   A  23.57   3.66   #G   NaN   NaN    NaN    NaN
2016 11 10 20 14   1478798040.0   A  23.98   3.59   #G   NaN   NaN    NaN    NaN
2016 11 11 23 35   1478896500.0   a   0.20   10.3   #G   NaN   NaN   Both    NaN
2016 11 11 23 45   1478897100.0   a   0.40   10.3   #G   NaN   NaN   Elec    NaN
2016 11 22 21 33   1479839580.0   b   0.70   2.5   #G   NaN   NaN   Hion    NaN
2016 11 24 07 49   1479962940.0   B  23.40   13.9   15 23.20   4.6    NaN   sharp
2016 11 24 13 30   1479983400.0   a  22.00   0.6   #G   NaN   NaN   Both    NaN
2016 11 24 13 36   1479983760.0   A  22.12   0.58   #G   NaN   NaN    NaN    NaN
2016 11 24 15 10   1479989400.0   A  23.39   -0.92   #G   NaN   NaN    NaN    NaN
2016 11 24 15 19   1479989940.0   B  22.23   0.50   #G   NaN   NaN    NaN    NaN
2016 11 24 15 55   1479992100.0   B  22.68   0.31   #G   NaN   NaN    NaN    NaN
2016 11 24 18 15   1480000500.0   B   0.23   -1.22   #G   NaN   NaN    NaN    NaN
2016 11 25 09 27   1480055220.0   B  22.31   8.01   #G   NaN   NaN    NaN    NaN
2016 11 25 12 12   1480065120.0   B   0.28   4.34   #G   NaN   NaN    NaN    NaN
2016 11 25 19 28   1480091280.0   A   0.18   -0.96   #G   NaN   NaN    NaN    NaN
2016 11 25 19 30   1480091400.0   a   0.20   -1.0   #G   NaN   NaN   Both    NaN
2016 11 25 19 35   1480091700.0   B  22.89   4.53   #G   NaN   NaN    NaN    NaN
2016 12 06 12 33   1481016780.0   A  22.18   0.48   #G   NaN   NaN    NaN    NaN
2016 12 08 10 32   1481182320.0   a  23.10   4.3   #G   NaN   NaN   Both    NaN
2016 12 08 10 33   1481182380.0   A  23.09   4.27   #G   NaN   NaN    NaN    NaN
2016 12 08 15 05   1481198700.0   B  22.32   -0.84   #G   NaN   NaN    NaN    NaN
2016 12 08 20 27   1481218020.0   a  23.40   1.0   #G   NaN   NaN   Both    NaN
2016 12 08 20 28   1481218080.0   A  23.37   1.02   #G   NaN   NaN    NaN    NaN
2016 12 09 11 21   1481271660.0   B  23.93   3.57   #G   NaN   NaN    NaN    NaN
2016 12 09 18 15   1481296500.0   b  22.20   2.4   #G   NaN   NaN   Both    NaN
2016 12 09 18 16   1481296560.0   B  22.16   2.43   #G   NaN   NaN    NaN    NaN
2016 12 09 18 35   1481297700.0   B  22.37   2.30   #G   NaN   NaN    NaN    NaN
2016 12 09 19 11   1481299860.0   B  22.75   2.03   #G   NaN   NaN    NaN    NaN
2016 12 09 21 04   1481306640.0   A  21.70   9.58   #G   NaN   NaN    NaN    NaN
2016 12 10 12 41   1481362860.0   b  22.60   0.5   #G   NaN   NaN   Hion    NaN
2016 12 10 12 42   1481362920.0   B  22.58   0.48   #G   NaN   NaN    NaN    NaN
2016 12 11 09 33   1481437980.0   B   0.70   7.7   15  0.90   4.4    NaN   gradD
2016 12 11 15 57   1481461020.0   b  22.50   -1.4   #G   NaN   NaN   Elec    NaN
2016 12 18 03 29   1482020940.0   A  22.50   14.9   13 22.50   9.6    NaN   sharp
2016 12 20 09 25   1482215100.0   A  22.88   4.63   #G   NaN   NaN    NaN    NaN
2016 12 21 11 37   1482309420.0   b  22.40   0.5   #G   NaN   NaN   Elec    NaN
2016 12 21 11 38   1482309480.0   B  22.43   0.45   #G   NaN   NaN    NaN    NaN
2016 12 21 12 49   1482313740.0   b  23.20   -2.0   #G   NaN   NaN   Both    NaN
2016 12 21 12 50   1482313800.0   a  23.20   -3.3   #G   NaN   NaN   Elec    NaN
2016 12 21 20 49   1482342540.0   a  22.10   4.2   #G   NaN   NaN   Both    NaN
2016 12 22 13 48   1482403680.0   B  21.63   -1.81   #G   NaN   NaN    NaN    NaN
2016 12 23 18 10   1482505800.0   b  22.20   -0.7   #G   NaN   NaN   Both    NaN
2016 12 23 18 12   1482505920.0   B  22.23   -0.73   #G   NaN   NaN    NaN    NaN
2016 12 25 16 04   1482671040.0   b  22.70   -4.7   #G   NaN   NaN   Elec    NaN
2016 12 26 01 29   1482704940.0   A  23.48   7.12   #G   NaN   NaN    NaN    NaN
2016 12 26 18 02   1482764520.0   B  21.72   0.34   #G   NaN   NaN    NaN    NaN
2016 12 31 13 49   1483181340.0   a  22.20   -6.0   #G   NaN   NaN   Elec    NaN
2017 01 01 17 23   1483280580.0   A  22.45   -6.50   #G   NaN   NaN    NaN    NaN
2017 01 01 17 26   1483280760.0   B  20.46   3.01   #G   NaN   NaN    NaN    NaN
2017 01 03 12 41   1483436460.0   a  21.60   -4.7   #G   NaN   NaN   Hion    NaN
2017 01 03 12 59   1483437540.0   a  21.80   -5.3   #G   NaN   NaN   Elec    NaN
2017 01 03 13 02   1483437720.0   A  21.86   -5.37   #G   NaN   NaN    NaN    NaN
2017 01 05 15 12   1483618320.0   B  22.70   -7.61   #G   NaN   NaN    NaN    NaN
2017 01 05 17 32   1483626720.0   A  20.62   0.45   #G   NaN   NaN    NaN    NaN
2017 01 05 18 08   1483628880.0   A  21.07   -0.43   #G   NaN   NaN    NaN    NaN
2017 01 05 23 19   1483647540.0   B  21.69   9.39   #G   NaN   NaN    NaN    NaN
2017 01 06 07 57   1483678620.0   B  21.77   5.78   #G   NaN   NaN    NaN    NaN
2017 01 07 12 11   1483780260.0   b  22.50   -4.4   #G   NaN   NaN   Elec    NaN
2017 01 07 17 08   1483798080.0   a  22.60   -8.9   #G   NaN   NaN   Elec    NaN
2017 01 07 17 36   1483799760.0   A  22.90   -9.68   #G   NaN   NaN    NaN    NaN
2017 01 08 10 10   1483859400.0   a  22.20   -1.6   #G   NaN   NaN   Both    NaN
2017 01 08 10 11   1483859460.0   A  22.25   -1.64   #G   NaN   NaN    NaN    NaN
2017 01 08 18 23   1483888980.0   A  21.38   -2.25   #G   NaN   NaN    NaN    NaN
2017 01 19 11 50   1484815800.0   B  20.62   -4.74   #G   NaN   NaN    NaN    NaN
2017 01 20 07 05   1484885100.0   b  21.30   4.7   #G   NaN   NaN   Both    NaN
2017 01 21 19 33   1485016380.0   B  21.15   -0.68   #G   NaN   NaN    NaN    NaN
2017 01 21 19 35   1485016500.0   A  20.72   0.07   #G   NaN   NaN    NaN    NaN
2017 01 21 20 36   1485020160.0   B  21.87   -2.09   #G   NaN   NaN    NaN    NaN
2017 01 21 20 41   1485020460.0   A  21.41   -1.02   #G   NaN   NaN    NaN    NaN
2017 01 22 13 03   1485079380.0   b  21.00   -7.3   #G   NaN   NaN   Both    NaN
2017 01 22 13 24   1485080640.0   B  21.21   -7.91   #G   NaN   NaN    NaN    NaN
2017 01 27 04 25   1485480300.0   A  23.50   2.9   13 23.20   9.8    NaN   gradD
2017 01 31 21 28   1485887280.0   A  20.41   3.27   #G   NaN   NaN    NaN    NaN
2017 01 31 22 33   1485891180.0   A  21.11   2.12   #G   NaN   NaN    NaN    NaN
2017 01 31 23 48   1485895680.0   A  22.04   0.46   #G   NaN   NaN    NaN    NaN
2017 02 01 06 14   1485918840.0   A  20.49   2.34   #G   NaN   NaN    NaN    NaN
2017 02 01 07 13   1485922380.0   A  21.24   -0.05   #G   NaN   NaN    NaN    NaN
2017 02 01 15 16   1485951360.0   a  20.50   -9.7   #G   NaN   NaN   Elec    NaN
2017 02 01 15 20   1485951600.0   B  18.90   -1.48   #G   NaN   NaN    NaN    NaN
2017 02 02 01 47   1485989220.0   a  21.30   5.7   #G   NaN   NaN   Both    NaN
2017 02 02 02 00   1485990000.0   A  21.52   5.35   #G   NaN   NaN    NaN    NaN
2017 02 02 19 05   1486051500.0   A  20.96   -5.54   #G   NaN   NaN    NaN    NaN
2017 02 02 19 12   1486051920.0   B  19.34   4.75   #G   NaN   NaN    NaN    NaN
2017 02 02 22 14   1486062840.0   b  21.40   1.3   #G   NaN   NaN   Both    NaN
2017 02 05 03 19   1486253940.0   B  20.41   8.18   #G   NaN   NaN    NaN    NaN
2017 02 05 03 23   1486254180.0   b  20.50   8.0   #G   NaN   NaN   Elec    NaN
2017 02 05 18 28   1486308480.0   A  20.71   -6.43   #G   NaN   NaN    NaN    NaN
2017 02 05 19 14   1486311240.0   a  21.20   -7.2   #G   NaN   NaN   Both    NaN
2017 02 05 19 15   1486311300.0   A  21.23   -7.18   #G   NaN   NaN    NaN    NaN
2017 02 17 08 22   1487308920.0   A  20.87   -6.55   #G   NaN   NaN    NaN    NaN
2017 02 24 02 31   1487892660.0   A  21.10   2.3   13 21.30   9.5    NaN   sharp
2017 02 24 02 36   1487892960.0   A  21.19   2.18   #G   NaN   NaN    NaN    NaN
2017 02 27 20 20   1488216000.0   A  21.23   -8.37   #G   NaN   NaN    NaN    NaN
2017 02 27 20 22   1488216120.0   B  21.22   -7.28   #G   NaN   NaN    NaN    NaN
2017 03 01 22 31   1488396660.0   A  18.57   5.77   #G   NaN   NaN    NaN    NaN
2017 03 01 22 37   1488397020.0   B  18.06   8.96   #G   NaN   NaN    NaN    NaN
2017 03 02 00 06   1488402360.0   B  19.11   6.45   #G   NaN   NaN    NaN    NaN
2017 03 02 02 14   1488410040.0   A  21.39   1.16   #G   NaN   NaN    NaN    NaN
2017 03 03 02 10   1488496200.0   A  19.15   3.59   #G   NaN   NaN    NaN    NaN
2017 03 03 02 42   1488498120.0   a  19.50   2.6   #G   NaN   NaN   Elec    NaN
2017 03 03 02 47   1488498420.0   a  19.60   2.5   #G   NaN   NaN   Both    NaN
2017 03 04 04 45   1488591900.0   A  19.01   -1.37   #G   NaN   NaN    NaN    NaN
2017 03 04 04 58   1488592680.0   a  19.20   -1.8   #G   NaN   NaN   Elec    NaN
2017 03 06 21 37   1488825420.0   a  20.40   -2.8   #G   NaN   NaN   Both    NaN
2017 03 06 21 38   1488825480.0   A  20.40   -2.85   #G   NaN   NaN    NaN    NaN
2017 03 06 21 58   1488826680.0   A  20.66   -3.08   #G   NaN   NaN    NaN    NaN
2017 03 07 05 28   1488853680.0   A  19.74   -3.36   #G   NaN   NaN    NaN    NaN
2017 03 22 01 40   1490136000.0   B  19.87   1.36   #G   NaN   NaN    NaN    NaN
2017 03 22 05 32   1490149920.0   A  20.85   -4.00   #G   NaN   NaN    NaN    NaN
2017 03 28 01 09   1490652540.0   b  18.70   1.7   #G   NaN   NaN   Elec    NaN
2017 03 28 01 10   1490652600.0   B  18.70   1.72   #G   NaN   NaN    NaN    NaN
2017 03 28 03 00   1490659200.0   B  20.19   -0.49   #G   NaN   NaN    NaN    NaN
2017 03 28 03 08   1490659680.0   A  19.33   -1.76   #G   NaN   NaN    NaN    NaN
2017 03 30 18 14   1490886840.0   a  19.50   -9.7   #G   NaN   NaN   Elec    NaN
2017 03 31 01 51   1490914260.0   B  18.81   0.44   #G   NaN   NaN    NaN    NaN
2017 03 31 02 25   1490916300.0   B  19.23   -0.33   #G   NaN   NaN    NaN    NaN
2017 03 31 02 50   1490917800.0   B  19.56   -0.81   #G   NaN   NaN    NaN    NaN
2017 03 31 02 56   1490918160.0   A  19.38   -1.67   #G   NaN   NaN    NaN    NaN
2017 03 31 04 25   1490923500.0   A  20.61   -2.52   #G   NaN   NaN    NaN    NaN
2017 03 31 20 54   1490982840.0   a  19.40   -3.1   #G   NaN   NaN   Both    NaN
2017 03 31 20 55   1490982900.0   B  19.51   -2.88   #G   NaN   NaN    NaN    NaN
2017 03 31 21 00   1490983200.0   a  19.50   -3.1   #G   NaN   NaN   Elec    NaN
2017 04 04 06 45   1491277500.0   a  20.40   -8.2   #G   NaN   NaN   Elec    NaN
2017 04 20 03 17   1492647420.0   b  19.60   -2.5   #G   NaN   NaN   Elec    NaN
2017 04 24 00 23   1492982580.0   A  19.10   0.0   13 19.50   9.4    NaN   sharp
2018 04 20 09 33   1524205980.0   b   1.70   8.1   #G   NaN   NaN   Hion    NaN
2018 07 05 23 47   1530823620.0   b  23.90   -6.8   #G   NaN   NaN   Both    NaN
2018 08 15 10 43   1534318980.0   b  24.00   -6.5   #G   NaN   NaN   Elec    NaN
2018 08 15 10 51   1534319460.0   a  23.90   -5.2   #G   NaN   NaN   Both    NaN
2018 08 15 10 55   1534319700.0   a  24.00   -5.1   #G   NaN   NaN   Elec    NaN
2018 08 15 10 56   1534319760.0   b   0.10   -6.4   #G   NaN   NaN   Both    NaN
2018 08 25 20 51   1535219460.0   a  23.30   -7.8   #G   NaN   NaN   Both    NaN
2018 08 26 09 55   1535266500.0   b   0.10   -1.9   #G   NaN   NaN   Hion    NaN
2018 09 10 23 28   1536611280.0   a   0.00   2.6   #G   NaN   NaN   Hion    NaN
2018 09 11 04 28   1536629280.0   b  22.60   3.8   #G   NaN   NaN   Both    NaN
2018 09 11 07 14   1536639240.0   a  23.10   4.6   #G   NaN   NaN   Hion    NaN
2018 09 11 07 23   1536639780.0   a  23.20   4.8   #G   NaN   NaN   Elec    NaN
2018 09 13 11 08   1536826080.0   b  22.80   -8.2   #G   NaN   NaN   Elec    NaN
2018 09 22 10 06   1537599960.0   a  21.40   -8.2   #G   NaN   NaN   Elec    NaN
2018 09 22 11 34   1537605240.0   a  22.70   -5.1   #G   NaN   NaN   Elec    NaN
2018 09 22 13 58   1537613880.0   b  23.60   -7.5   #G   NaN   NaN   Both    NaN
2018 09 22 22 28   1537644480.0   b  23.20   0.7   #G   NaN   NaN   Both    NaN
2018 09 25 11 22   1537863720.0   a  22.70   -3.8   #G   NaN   NaN   Elec    NaN
2018 09 25 11 47   1537865220.0   a  23.00   -3.3   #G   NaN   NaN   Hion    NaN
2018 09 27 08 48   1538027280.0   a  23.10   4.8   #G   NaN   NaN   Elec    NaN
2018 10 01 14 00   1538391600.0   b  22.40   -9.7   #G   NaN   NaN   Both    NaN
2018 10 07 16 16   1538918160.0   b  23.30   -6.4   #G   NaN   NaN   Elec    NaN
2018 10 07 19 59   1538931540.0   a  23.20   0.6   #G   NaN   NaN   Both    NaN
2018 10 09 16 13   1539090780.0   a  22.80   -4.7   #G   NaN   NaN   Hion    NaN
2018 10 09 20 52   1539107520.0   b  21.90   0.8   #G   NaN   NaN   Both    NaN
2018 10 10 19 42   1539189720.0   a  23.20   0.6   #G   NaN   NaN   Hion    NaN
2018 10 11 12 46   1539251160.0   a  22.60   -3.0   #G   NaN   NaN   Elec    NaN
2018 10 13 16 48   1539438480.0   b  22.80   -5.6   #G   NaN   NaN   Elec    NaN
2018 10 13 17 21   1539440460.0   a  21.70   -3.9   #G   NaN   NaN   Elec    NaN
2018 10 15 14 38   1539603480.0   a  22.10   -5.4   #G   NaN   NaN   Both    NaN
2018 10 26 21 36   1540578960.0   b  22.30   6.7   #G   NaN   NaN   Both    NaN
2018 11 04 21 10   1541355000.0   a  23.80   6.6   #G   NaN   NaN   Hion    NaN
2018 11 05 05 39   1541385540.0   b  20.50   5.8   #G   NaN   NaN   Both    NaN
2018 11 10 10 48   1541836080.0   a  23.20   6.6   #G   NaN   NaN   Elec    NaN
2018 11 11 12 47   1541929620.0   a  22.50   1.2   #G   NaN   NaN   Both    NaN
2018 12 01 16 14   1543670040.0   a  21.70   1.7   #G   NaN   NaN   Hion    NaN
2018 12 03 15 25   1543839900.0   b  21.50   0.7   #G   NaN   NaN   Elec    NaN
